Time of simulation: Tue Dec 15 11:33:22 2020

Information on negative values:
pressure values. max: 5.80e+06. Mean: 4.10e+06. Min: -2.48e+06
all negative indices: p<0: count:447, indices: [17996 18237 18244 18253 18259 18260 18275 18289 18290 18292 18300 18302
 18310 18312 18326 18329 18337 18341 18345 18354 18364 18366 18373 18382
 18386 18387 18389 18393 18395 18398 18403 18404 18410 18412 18413 18417
 18418 18426 18430 18436 18439 18443 18444 18447 18452 18454 18456 18457
 18462 18467 18469 18472 18483 18485 18487 18494 18500 18507 18509 18511
 18512 18518 18519 18531 18551 18584 18585 18588 18589 18590 18593 18594
 18595 18596 18597 18616 18617 18650 18652 18654 18655 18656 18657 18658
 18659 18660 18673 18675 18678 18679 18680 18681 18682 18688 18696 18697
 18698 18699 18701 18702 18703 18704 18705 18712 18713 18717 18727 18734
 18752 18762 18763 18764 18765 18766 18767 18787 18788 18789 18790 18791
 18792 18803 18804 18805 18806 18807 18808 18813 18814 18815 18817 18818
 18819 18821 18823 18824 20598 20605 20613 20621 20645 20654 20673 20685
 20686 20712 20713 20719 20761 20785 20806 20808 20840 20848 20852 20863
 20878 20898 20925 20933 20939 20946 20948 20954 20988 21009 21024 21046
 21052 21058 21070 21071 21075 21076 21081 21087 21090 21116 21173 21176
 21182 21209 21231 21238 21240 21245 21248 21252 21274 21281 21289 21291
 21294 21321 21323 21328 21331 21345 21369 21371 21396 21418 21435 21446
 21466 21481 21482 21488 21502 21525 21541 21545 21563 21615 21621 21624
 21638 21642 21648 21650 21666 21668 21673 21686 21688 21694 21695 21752
 21761 21770 21793 21816 21835 21840 21855 21860 21872 21917 21935 21946
 21954 21962 21965 21980 22010 22041 22060 22081 22088 22115 22184 22206
 22208 22217 22218 22228 22248 22267 22282 22290 22299 22314 22316 22341
 22345 22354 22374 22385 22450 22454 22469 22487 22491 22504 22525 22627
 22629 22648 22652 22683 22685 22708 22715 22717 22755 22763 22765 22768
 22785 22786 22791 22804 22806 22811 22813 22818 22819 22832 22852 22894
 22941 22958 22980 23012 23017 23022 23029 23039 23076 23091 23100 23105
 23115 23121 23165 23184 23198 23209 23214 23228 23232 23246 23280 23357
 23358 23359 23428 23631 23636 23645 23656 23657 23670 23671 23690 23699
 23752 23753 23837 23838 23845 23868 23869 24118 24133 24147 24162 24180
 24204 24226 24235 24370 24408 24417 24424 24455 24469 24474 24475 24480
 24503 24518 24538 24640 24676 24751 24834 24839 24848 24874 24876 24899
 24903 25031 25040 25050 25070 25073 25152 25232 25270 25275 25345 25353
 25412 25415 25573 25605 25695 25783 25810 25871 25881 25937 25942 25949
 25953 25996 26002 26009 26043 26059 26078 26081 26084 26086 26095 26098
 26100 26111 26117 26129 26141 26176 26179 26200 26203 26211 26226 26245
 26247 26272 26307 26308 26369 26378 26388 26413 26415 26419 26420 26467
 26510 26518 26527 26574 26825 26849 26874 27005 27009 27010 27019 27022
 27026 27031 27075]
very negative indices: p<-1e-10: count: 447, indices: [17996 18237 18244 18253 18259 18260 18275 18289 18290 18292 18300 18302
 18310 18312 18326 18329 18337 18341 18345 18354 18364 18366 18373 18382
 18386 18387 18389 18393 18395 18398 18403 18404 18410 18412 18413 18417
 18418 18426 18430 18436 18439 18443 18444 18447 18452 18454 18456 18457
 18462 18467 18469 18472 18483 18485 18487 18494 18500 18507 18509 18511
 18512 18518 18519 18531 18551 18584 18585 18588 18589 18590 18593 18594
 18595 18596 18597 18616 18617 18650 18652 18654 18655 18656 18657 18658
 18659 18660 18673 18675 18678 18679 18680 18681 18682 18688 18696 18697
 18698 18699 18701 18702 18703 18704 18705 18712 18713 18717 18727 18734
 18752 18762 18763 18764 18765 18766 18767 18787 18788 18789 18790 18791
 18792 18803 18804 18805 18806 18807 18808 18813 18814 18815 18817 18818
 18819 18821 18823 18824 20598 20605 20613 20621 20645 20654 20673 20685
 20686 20712 20713 20719 20761 20785 20806 20808 20840 20848 20852 20863
 20878 20898 20925 20933 20939 20946 20948 20954 20988 21009 21024 21046
 21052 21058 21070 21071 21075 21076 21081 21087 21090 21116 21173 21176
 21182 21209 21231 21238 21240 21245 21248 21252 21274 21281 21289 21291
 21294 21321 21323 21328 21331 21345 21369 21371 21396 21418 21435 21446
 21466 21481 21482 21488 21502 21525 21541 21545 21563 21615 21621 21624
 21638 21642 21648 21650 21666 21668 21673 21686 21688 21694 21695 21752
 21761 21770 21793 21816 21835 21840 21855 21860 21872 21917 21935 21946
 21954 21962 21965 21980 22010 22041 22060 22081 22088 22115 22184 22206
 22208 22217 22218 22228 22248 22267 22282 22290 22299 22314 22316 22341
 22345 22354 22374 22385 22450 22454 22469 22487 22491 22504 22525 22627
 22629 22648 22652 22683 22685 22708 22715 22717 22755 22763 22765 22768
 22785 22786 22791 22804 22806 22811 22813 22818 22819 22832 22852 22894
 22941 22958 22980 23012 23017 23022 23029 23039 23076 23091 23100 23105
 23115 23121 23165 23184 23198 23209 23214 23228 23232 23246 23280 23357
 23358 23359 23428 23631 23636 23645 23656 23657 23670 23671 23690 23699
 23752 23753 23837 23838 23845 23868 23869 24118 24133 24147 24162 24180
 24204 24226 24235 24370 24408 24417 24424 24455 24469 24474 24475 24480
 24503 24518 24538 24640 24676 24751 24834 24839 24848 24874 24876 24899
 24903 25031 25040 25050 25070 25073 25152 25232 25270 25275 25345 25353
 25412 25415 25573 25605 25695 25783 25810 25871 25881 25937 25942 25949
 25953 25996 26002 26009 26043 26059 26078 26081 26084 26086 26095 26098
 26100 26111 26117 26129 26141 26176 26179 26200 26203 26211 26226 26245
 26247 26272 26307 26308 26369 26378 26388 26413 26415 26419 26420 26467
 26510 26518 26527 26574 26825 26849 26874 27005 27009 27010 27019 27022
 27026 27031 27075]
neg pressure range: [-2.48e+06, -1.98e+02]

Summary of relevant parameters:
length scale: 1.00e+00
scalar scale: 1.00e+11
3d permeability: 1.00e-21
time step: 0.0417 hours
3d cells: 27291
pp condition number: 1.53e+08
umfpack condition number: inf

Estimates on term sizes, 3d grid:
diffusive term: 7.91e-08
mass term: 1.00e-13
source; max: 0.00e+00; number of non-zero sources: 0
cell volumes. max:9.26e+03, min:3.22e-03, mean:9.89e+02
