Time of simulation: Fri Dec 18 14:46:09 2020

Information on negative values:
pressure values. max: 7.44e+06. Mean: 4.04e+06. Min: -2.95e+06
all negative indices: p<0: count:824, indices: [  178   741  2210  2920  3030  4525  4688  5094  5707  5891  6288  6726
  8369  8670 10294 13985 14033 14185 14687 15255 16660 16669 17029 17217
 17520 17554 17996 18000 18122 18237 18254 18275 18289 18290 18292 18296
 18301 18302 18309 18310 18312 18326 18329 18337 18341 18345 18346 18350
 18354 18356 18361 18362 18366 18377 18378 18382 18386 18387 18388 18392
 18393 18396 18398 18400 18403 18404 18406 18410 18412 18413 18417 18418
 18424 18426 18436 18439 18443 18444 18452 18454 18456 18457 18462 18467
 18469 18472 18481 18485 18487 18494 18496 18509 18511 18512 18519 18525
 18526 18531 18542 18551 18588 18589 18590 18592 18593 18594 18595 18596
 18597 18616 18617 18644 18645 18646 18647 18648 18649 18650 18652 18654
 18655 18656 18657 18658 18659 18660 18673 18675 18678 18679 18680 18682
 18688 18696 18698 18699 18701 18702 18703 18704 18705 18717 18727 18734
 18752 18754 18762 18763 18764 18765 18766 18767 18788 18789 18790 18791
 18792 18803 18804 18805 18806 18807 18808 18813 18814 18815 18816 18817
 18818 18821 18823 18824 18831 18832 18833 18834 20598 20605 20613 20618
 20621 20624 20643 20645 20648 20653 20654 20671 20685 20688 20695 20707
 20715 20719 20730 20751 20761 20775 20785 20788 20806 20808 20814 20840
 20862 20863 20864 20869 20878 20899 20929 20933 20935 20939 20946 20948
 20954 20957 20960 20961 20966 20968 20972 20981 20992 20994 21009 21024
 21026 21052 21056 21058 21060 21069 21070 21071 21075 21076 21081 21087
 21090 21100 21103 21105 21116 21120 21150 21167 21170 21173 21176 21202
 21209 21227 21232 21238 21245 21248 21252 21274 21281 21291 21307 21308
 21331 21345 21347 21369 21396 21418 21435 21436 21438 21446 21480 21481
 21482 21488 21500 21502 21514 21516 21525 21527 21541 21563 21583 21597
 21604 21621 21622 21624 21648 21649 21650 21658 21666 21668 21673 21681
 21694 21695 21705 21719 21720 21724 21752 21761 21770 21771 21781 21793
 21823 21834 21835 21855 21872 21877 21885 21917 21940 21946 21965 21972
 21980 21983 21990 22010 22041 22050 22062 22081 22096 22115 22119 22161
 22164 22172 22203 22206 22208 22214 22217 22228 22237 22240 22248 22256
 22290 22291 22316 22338 22340 22341 22344 22345 22350 22354 22359 22407
 22429 22431 22440 22441 22443 22454 22457 22468 22481 22498 22504 22519
 22525 22528 22530 22533 22543 22544 22546 22556 22577 22608 22629 22675
 22679 22682 22683 22687 22696 22700 22701 22706 22717 22720 22741 22749
 22750 22753 22755 22763 22765 22786 22791 22803 22804 22806 22825 22832
 22852 22855 22885 22888 22894 22895 22899 22900 22941 22945 22980 22992
 22997 23000 23012 23021 23022 23025 23027 23029 23036 23052 23056 23076
 23085 23086 23088 23091 23100 23101 23105 23107 23115 23121 23165 23184
 23198 23209 23214 23219 23223 23228 23235 23237 23239 23246 23255 23264
 23271 23274 23277 23320 23341 23357 23359 23361 23374 23382 23388 23416
 23458 23460 23463 23470 23489 23498 23503 23504 23517 23524 23533 23536
 23537 23550 23565 23568 23605 23606 23631 23636 23641 23670 23671 23672
 23673 23720 23721 23749 23752 23753 23817 23818 23821 23822 23837 23838
 23845 23868 23869 23934 23973 23980 23983 23984 23985 23989 24045 24047
 24049 24052 24053 24054 24056 24057 24058 24059 24061 24064 24090 24091
 24092 24093 24094 24117 24145 24156 24182 24197 24202 24303 24311 24343
 24349 24376 24381 24385 24396 24402 24403 24412 24438 24462 24486 24494
 24527 24540 24564 24593 24594 24626 24629 24645 24657 24689 24702 24705
 24717 24884 24888 24904 24943 24954 24959 24984 24989 24998 25023 25047
 25061 25098 25126 25139 25143 25145 25205 25224 25230 25237 25238 25248
 25259 25276 25307 25348 25365 25406 25413 25434 25447 25472 25477 25494
 25508 25520 25535 25537 25542 25544 25547 25549 25557 25601 25612 25623
 25629 25642 25658 25671 25673 25677 25679 25715 25728 25730 25735 25745
 25749 25751 25763 25791 25799 25802 25815 25816 25839 25847 25849 25864
 25869 25870 25882 25909 25916 25921 25944 25945 25947 25959 25964 25970
 25978 25983 25984 25985 25986 25988 25989 25994 25995 26051 26074 26119
 26133 26138 26143 26153 26159 26171 26204 26206 26218 26223 26242 26248
 26249 26254 26257 26293 26297 26304 26329 26330 26338 26343 26356 26368
 26386 26396 26406 26439 26444 26454 26463 26468 26484 26486 26491 26493
 26495 26499 26503 26508 26511 26529 26534 26538 26544 26548 26554 26566
 26569 26589 26603 26605 26607 26626 26627 26629 26630 26635 26641 26643
 26647 26650 26668 26669 26681 26685 26686 26689 26692 26703 26706 26710
 26713 26719 26720 26732 26738 26740 26742 26745 26748 26749 26753 26755
 26757 26759 26763 26766 26779 26783 26789 26792 26796 26799 26801 26810
 26821 26835 26836 26894 26910 26915 26917 26930 26959 26962 26968 26979
 26982 26988 26989 26991 26992 27000 27001 27060 27090 27092 27094 27095
 27099 27108 27109 27132 27134 27136 27148 27149 27150 27151 27152 27153
 27154 27162 27163 27164 27165 27166 27173 27174 27175 27176 27177 27178
 27194 27198 27223 27225 27230 27231 27232 27259 27260 27262 27263 27275
 27276 27278 27279 27280 27281 27282 27283 27290]
very negative indices: p<-1e-10: count: 824, indices: [  178   741  2210  2920  3030  4525  4688  5094  5707  5891  6288  6726
  8369  8670 10294 13985 14033 14185 14687 15255 16660 16669 17029 17217
 17520 17554 17996 18000 18122 18237 18254 18275 18289 18290 18292 18296
 18301 18302 18309 18310 18312 18326 18329 18337 18341 18345 18346 18350
 18354 18356 18361 18362 18366 18377 18378 18382 18386 18387 18388 18392
 18393 18396 18398 18400 18403 18404 18406 18410 18412 18413 18417 18418
 18424 18426 18436 18439 18443 18444 18452 18454 18456 18457 18462 18467
 18469 18472 18481 18485 18487 18494 18496 18509 18511 18512 18519 18525
 18526 18531 18542 18551 18588 18589 18590 18592 18593 18594 18595 18596
 18597 18616 18617 18644 18645 18646 18647 18648 18649 18650 18652 18654
 18655 18656 18657 18658 18659 18660 18673 18675 18678 18679 18680 18682
 18688 18696 18698 18699 18701 18702 18703 18704 18705 18717 18727 18734
 18752 18754 18762 18763 18764 18765 18766 18767 18788 18789 18790 18791
 18792 18803 18804 18805 18806 18807 18808 18813 18814 18815 18816 18817
 18818 18821 18823 18824 18831 18832 18833 18834 20598 20605 20613 20618
 20621 20624 20643 20645 20648 20653 20654 20671 20685 20688 20695 20707
 20715 20719 20730 20751 20761 20775 20785 20788 20806 20808 20814 20840
 20862 20863 20864 20869 20878 20899 20929 20933 20935 20939 20946 20948
 20954 20957 20960 20961 20966 20968 20972 20981 20992 20994 21009 21024
 21026 21052 21056 21058 21060 21069 21070 21071 21075 21076 21081 21087
 21090 21100 21103 21105 21116 21120 21150 21167 21170 21173 21176 21202
 21209 21227 21232 21238 21245 21248 21252 21274 21281 21291 21307 21308
 21331 21345 21347 21369 21396 21418 21435 21436 21438 21446 21480 21481
 21482 21488 21500 21502 21514 21516 21525 21527 21541 21563 21583 21597
 21604 21621 21622 21624 21648 21649 21650 21658 21666 21668 21673 21681
 21694 21695 21705 21719 21720 21724 21752 21761 21770 21771 21781 21793
 21823 21834 21835 21855 21872 21877 21885 21917 21940 21946 21965 21972
 21980 21983 21990 22010 22041 22050 22062 22081 22096 22115 22119 22161
 22164 22172 22203 22206 22208 22214 22217 22228 22237 22240 22248 22256
 22290 22291 22316 22338 22340 22341 22344 22345 22350 22354 22359 22407
 22429 22431 22440 22441 22443 22454 22457 22468 22481 22498 22504 22519
 22525 22528 22530 22533 22543 22544 22546 22556 22577 22608 22629 22675
 22679 22682 22683 22687 22696 22700 22701 22706 22717 22720 22741 22749
 22750 22753 22755 22763 22765 22786 22791 22803 22804 22806 22825 22832
 22852 22855 22885 22888 22894 22895 22899 22900 22941 22945 22980 22992
 22997 23000 23012 23021 23022 23025 23027 23029 23036 23052 23056 23076
 23085 23086 23088 23091 23100 23101 23105 23107 23115 23121 23165 23184
 23198 23209 23214 23219 23223 23228 23235 23237 23239 23246 23255 23264
 23271 23274 23277 23320 23341 23357 23359 23361 23374 23382 23388 23416
 23458 23460 23463 23470 23489 23498 23503 23504 23517 23524 23533 23536
 23537 23550 23565 23568 23605 23606 23631 23636 23641 23670 23671 23672
 23673 23720 23721 23749 23752 23753 23817 23818 23821 23822 23837 23838
 23845 23868 23869 23934 23973 23980 23983 23984 23985 23989 24045 24047
 24049 24052 24053 24054 24056 24057 24058 24059 24061 24064 24090 24091
 24092 24093 24094 24117 24145 24156 24182 24197 24202 24303 24311 24343
 24349 24376 24381 24385 24396 24402 24403 24412 24438 24462 24486 24494
 24527 24540 24564 24593 24594 24626 24629 24645 24657 24689 24702 24705
 24717 24884 24888 24904 24943 24954 24959 24984 24989 24998 25023 25047
 25061 25098 25126 25139 25143 25145 25205 25224 25230 25237 25238 25248
 25259 25276 25307 25348 25365 25406 25413 25434 25447 25472 25477 25494
 25508 25520 25535 25537 25542 25544 25547 25549 25557 25601 25612 25623
 25629 25642 25658 25671 25673 25677 25679 25715 25728 25730 25735 25745
 25749 25751 25763 25791 25799 25802 25815 25816 25839 25847 25849 25864
 25869 25870 25882 25909 25916 25921 25944 25945 25947 25959 25964 25970
 25978 25983 25984 25985 25986 25988 25989 25994 25995 26051 26074 26119
 26133 26138 26143 26153 26159 26171 26204 26206 26218 26223 26242 26248
 26249 26254 26257 26293 26297 26304 26329 26330 26338 26343 26356 26368
 26386 26396 26406 26439 26444 26454 26463 26468 26484 26486 26491 26493
 26495 26499 26503 26508 26511 26529 26534 26538 26544 26548 26554 26566
 26569 26589 26603 26605 26607 26626 26627 26629 26630 26635 26641 26643
 26647 26650 26668 26669 26681 26685 26686 26689 26692 26703 26706 26710
 26713 26719 26720 26732 26738 26740 26742 26745 26748 26749 26753 26755
 26757 26759 26763 26766 26779 26783 26789 26792 26796 26799 26801 26810
 26821 26835 26836 26894 26910 26915 26917 26930 26959 26962 26968 26979
 26982 26988 26989 26991 26992 27000 27001 27060 27090 27092 27094 27095
 27099 27108 27109 27132 27134 27136 27148 27149 27150 27151 27152 27153
 27154 27162 27163 27164 27165 27166 27173 27174 27175 27176 27177 27178
 27194 27198 27223 27225 27230 27231 27232 27259 27260 27262 27263 27275
 27276 27278 27279 27280 27281 27282 27283 27290]
neg pressure range: [-2.95e+06, -1.28e+01]

Summary of relevant parameters:
length scale: 1.00e+00
scalar scale: 1.00e+11
3d permeability: 1.00e-21
time step: 0.0667 hours
3d cells: 27291
pp condition number: 1.53e+08
umfpack condition number: inf

Estimates on term sizes, 3d grid:
diffusive term: 7.91e-08
mass term: 2.28e-11
source; max: 0.00e+00; number of non-zero sources: 0
cell volumes. max:9.26e+03, min:3.22e-03, mean:9.89e+02
