Time of simulation: Wed Dec 16 17:34:11 2020

Information on negative values:
pressure values. max: 5.99e+06. Mean: 4.09e+06. Min: -2.47e+06
all negative indices: p<0: count:864, indices: [ 2210  2920  4525  6288 16660 16669 17029 17996 18000 18053 18065 18069
 18093 18111 18122 18124 18154 18179 18183 18190 18202 18234 18235 18237
 18244 18250 18253 18254 18259 18260 18275 18287 18289 18290 18292 18296
 18299 18300 18301 18302 18309 18310 18312 18325 18326 18329 18337 18341
 18345 18346 18350 18351 18354 18356 18361 18362 18364 18366 18372 18373
 18377 18378 18382 18386 18387 18388 18389 18392 18393 18395 18396 18398
 18400 18403 18404 18406 18410 18412 18413 18417 18418 18424 18426 18430
 18436 18439 18443 18444 18447 18452 18454 18456 18457 18462 18467 18469
 18472 18481 18483 18485 18487 18494 18496 18500 18507 18509 18511 18512
 18515 18518 18519 18520 18525 18526 18531 18542 18546 18551 18557 18584
 18585 18588 18589 18590 18592 18593 18594 18595 18596 18597 18616 18617
 18644 18645 18646 18647 18648 18649 18650 18652 18654 18655 18656 18657
 18658 18659 18660 18673 18675 18678 18679 18680 18681 18682 18688 18695
 18696 18697 18698 18699 18700 18701 18702 18703 18704 18705 18712 18713
 18717 18723 18727 18734 18752 18754 18762 18763 18764 18765 18766 18767
 18787 18788 18789 18790 18791 18792 18803 18804 18805 18806 18807 18808
 18813 18814 18815 18816 18817 18818 18819 18820 18821 18822 18823 18824
 18828 18831 18832 18833 18834 20591 20598 20605 20612 20613 20621 20626
 20635 20645 20653 20654 20673 20685 20686 20709 20713 20719 20752 20761
 20764 20785 20792 20806 20808 20820 20840 20842 20848 20852 20859 20863
 20866 20871 20878 20898 20908 20910 20925 20933 20939 20946 20948 20954
 20965 21009 21021 21024 21046 21052 21058 21070 21071 21075 21076 21081
 21087 21090 21093 21116 21120 21144 21173 21176 21188 21191 21222 21234
 21238 21245 21248 21252 21265 21274 21281 21289 21291 21317 21323 21327
 21331 21335 21339 21345 21346 21367 21369 21374 21396 21418 21428 21432
 21435 21438 21446 21451 21452 21465 21466 21476 21481 21482 21488 21491
 21495 21502 21514 21516 21525 21541 21559 21563 21576 21594 21596 21606
 21617 21621 21624 21631 21632 21634 21642 21644 21648 21650 21660 21666
 21668 21673 21681 21691 21694 21695 21727 21730 21744 21752 21761 21770
 21772 21793 21816 21823 21830 21834 21835 21840 21855 21860 21872 21877
 21895 21902 21917 21919 21946 21953 21962 21965 21980 22000 22010 22029
 22041 22054 22062 22081 22096 22098 22108 22115 22119 22165 22172 22184
 22206 22208 22209 22214 22217 22218 22228 22238 22248 22253 22290 22299
 22314 22316 22324 22334 22335 22338 22341 22344 22345 22354 22359 22366
 22383 22385 22407 22412 22414 22416 22423 22440 22450 22454 22469 22479
 22482 22487 22491 22498 22499 22504 22519 22525 22529 22557 22558 22570
 22582 22589 22612 22627 22629 22652 22683 22685 22708 22715 22717 22723
 22740 22755 22763 22765 22768 22769 22779 22785 22786 22791 22804 22806
 22810 22811 22813 22818 22819 22832 22852 22867 22894 22899 22901 22913
 22938 22941 22948 22958 22964 22980 22992 23000 23012 23021 23022 23025
 23029 23039 23076 23091 23100 23105 23110 23115 23116 23121 23161 23165
 23184 23191 23198 23209 23214 23219 23228 23232 23246 23252 23260 23263
 23271 23272 23277 23280 23292 23309 23341 23353 23357 23358 23359 23375
 23402 23425 23449 23451 23464 23468 23479 23506 23552 23606 23631 23636
 23645 23646 23656 23670 23671 23690 23721 23722 23729 23752 23753 23805
 23831 23837 23838 23839 23840 23842 23843 23845 23852 23853 23855 23856
 23857 23858 23859 23860 23861 23862 23863 23864 23865 23866 23867 23868
 23869 23876 23877 23879 23890 23891 23892 23894 23895 23906 23927 23934
 23973 24002 24043 24050 24051 24078 24098 24105 24133 24151 24162 24225
 24226 24276 24313 24354 24355 24370 24385 24402 24408 24414 24417 24424
 24449 24453 24455 24460 24469 24474 24475 24480 24494 24503 24527 24532
 24538 24540 24569 24572 24573 24594 24629 24640 24676 24701 24717 24746
 24751 24754 24794 24812 24815 24834 24839 24843 24876 24883 24888 24899
 24903 24904 24932 24984 24989 25023 25031 25040 25047 25050 25059 25070
 25115 25152 25232 25270 25274 25275 25276 25319 25322 25345 25353 25415
 25429 25434 25447 25508 25535 25549 25557 25573 25588 25601 25605 25608
 25612 25629 25669 25671 25677 25679 25681 25737 25763 25783 25792 25797
 25815 25816 25841 25847 25870 25871 25880 25881 25916 25937 25942 25944
 25947 25949 25953 25963 25964 25970 25985 25986 25994 26002 26009 26043
 26051 26059 26068 26078 26081 26084 26086 26093 26095 26098 26100 26109
 26111 26117 26141 26143 26176 26179 26200 26203 26206 26211 26226 26242
 26245 26247 26257 26272 26297 26307 26308 26338 26356 26369 26378 26388
 26397 26413 26415 26419 26420 26463 26467 26468 26491 26505 26510 26511
 26518 26527 26551 26566 26574 26589 26618 26626 26627 26629 26630 26645
 26647 26650 26666 26669 26681 26693 26697 26703 26706 26713 26715 26720
 26727 26738 26745 26748 26749 26753 26757 26774 26783 26789 26825 26826
 26835 26849 26894 26895 26899 26988 26989 26991 26992 26994 26995 26999
 27001 27004 27005 27007 27009 27010 27012 27013 27015 27017 27019 27021
 27022 27026 27029 27031 27033 27035 27042 27045 27068 27069 27075 27077
 27090 27115 27148 27149 27150 27151 27152 27153 27154 27162 27163 27164
 27165 27166 27173 27174 27175 27176 27177 27178 27198 27230 27231 27232
 27250 27252 27259 27260 27261 27262 27263 27270 27273 27275 27276 27290]
very negative indices: p<-1e-10: count: 864, indices: [ 2210  2920  4525  6288 16660 16669 17029 17996 18000 18053 18065 18069
 18093 18111 18122 18124 18154 18179 18183 18190 18202 18234 18235 18237
 18244 18250 18253 18254 18259 18260 18275 18287 18289 18290 18292 18296
 18299 18300 18301 18302 18309 18310 18312 18325 18326 18329 18337 18341
 18345 18346 18350 18351 18354 18356 18361 18362 18364 18366 18372 18373
 18377 18378 18382 18386 18387 18388 18389 18392 18393 18395 18396 18398
 18400 18403 18404 18406 18410 18412 18413 18417 18418 18424 18426 18430
 18436 18439 18443 18444 18447 18452 18454 18456 18457 18462 18467 18469
 18472 18481 18483 18485 18487 18494 18496 18500 18507 18509 18511 18512
 18515 18518 18519 18520 18525 18526 18531 18542 18546 18551 18557 18584
 18585 18588 18589 18590 18592 18593 18594 18595 18596 18597 18616 18617
 18644 18645 18646 18647 18648 18649 18650 18652 18654 18655 18656 18657
 18658 18659 18660 18673 18675 18678 18679 18680 18681 18682 18688 18695
 18696 18697 18698 18699 18700 18701 18702 18703 18704 18705 18712 18713
 18717 18723 18727 18734 18752 18754 18762 18763 18764 18765 18766 18767
 18787 18788 18789 18790 18791 18792 18803 18804 18805 18806 18807 18808
 18813 18814 18815 18816 18817 18818 18819 18820 18821 18822 18823 18824
 18828 18831 18832 18833 18834 20591 20598 20605 20612 20613 20621 20626
 20635 20645 20653 20654 20673 20685 20686 20709 20713 20719 20752 20761
 20764 20785 20792 20806 20808 20820 20840 20842 20848 20852 20859 20863
 20866 20871 20878 20898 20908 20910 20925 20933 20939 20946 20948 20954
 20965 21009 21021 21024 21046 21052 21058 21070 21071 21075 21076 21081
 21087 21090 21093 21116 21120 21144 21173 21176 21188 21191 21222 21234
 21238 21245 21248 21252 21265 21274 21281 21289 21291 21317 21323 21327
 21331 21335 21339 21345 21346 21367 21369 21374 21396 21418 21428 21432
 21435 21438 21446 21451 21452 21465 21466 21476 21481 21482 21488 21491
 21495 21502 21514 21516 21525 21541 21559 21563 21576 21594 21596 21606
 21617 21621 21624 21631 21632 21634 21642 21644 21648 21650 21660 21666
 21668 21673 21681 21691 21694 21695 21727 21730 21744 21752 21761 21770
 21772 21793 21816 21823 21830 21834 21835 21840 21855 21860 21872 21877
 21895 21902 21917 21919 21946 21953 21962 21965 21980 22000 22010 22029
 22041 22054 22062 22081 22096 22098 22108 22115 22119 22165 22172 22184
 22206 22208 22209 22214 22217 22218 22228 22238 22248 22253 22290 22299
 22314 22316 22324 22334 22335 22338 22341 22344 22345 22354 22359 22366
 22383 22385 22407 22412 22414 22416 22423 22440 22450 22454 22469 22479
 22482 22487 22491 22498 22499 22504 22519 22525 22529 22557 22558 22570
 22582 22589 22612 22627 22629 22652 22683 22685 22708 22715 22717 22723
 22740 22755 22763 22765 22768 22769 22779 22785 22786 22791 22804 22806
 22810 22811 22813 22818 22819 22832 22852 22867 22894 22899 22901 22913
 22938 22941 22948 22958 22964 22980 22992 23000 23012 23021 23022 23025
 23029 23039 23076 23091 23100 23105 23110 23115 23116 23121 23161 23165
 23184 23191 23198 23209 23214 23219 23228 23232 23246 23252 23260 23263
 23271 23272 23277 23280 23292 23309 23341 23353 23357 23358 23359 23375
 23402 23425 23449 23451 23464 23468 23479 23506 23552 23606 23631 23636
 23645 23646 23656 23670 23671 23690 23721 23722 23729 23752 23753 23805
 23831 23837 23838 23839 23840 23842 23843 23845 23852 23853 23855 23856
 23857 23858 23859 23860 23861 23862 23863 23864 23865 23866 23867 23868
 23869 23876 23877 23879 23890 23891 23892 23894 23895 23906 23927 23934
 23973 24002 24043 24050 24051 24078 24098 24105 24133 24151 24162 24225
 24226 24276 24313 24354 24355 24370 24385 24402 24408 24414 24417 24424
 24449 24453 24455 24460 24469 24474 24475 24480 24494 24503 24527 24532
 24538 24540 24569 24572 24573 24594 24629 24640 24676 24701 24717 24746
 24751 24754 24794 24812 24815 24834 24839 24843 24876 24883 24888 24899
 24903 24904 24932 24984 24989 25023 25031 25040 25047 25050 25059 25070
 25115 25152 25232 25270 25274 25275 25276 25319 25322 25345 25353 25415
 25429 25434 25447 25508 25535 25549 25557 25573 25588 25601 25605 25608
 25612 25629 25669 25671 25677 25679 25681 25737 25763 25783 25792 25797
 25815 25816 25841 25847 25870 25871 25880 25881 25916 25937 25942 25944
 25947 25949 25953 25963 25964 25970 25985 25986 25994 26002 26009 26043
 26051 26059 26068 26078 26081 26084 26086 26093 26095 26098 26100 26109
 26111 26117 26141 26143 26176 26179 26200 26203 26206 26211 26226 26242
 26245 26247 26257 26272 26297 26307 26308 26338 26356 26369 26378 26388
 26397 26413 26415 26419 26420 26463 26467 26468 26491 26505 26510 26511
 26518 26527 26551 26566 26574 26589 26618 26626 26627 26629 26630 26645
 26647 26650 26666 26669 26681 26693 26697 26703 26706 26713 26715 26720
 26727 26738 26745 26748 26749 26753 26757 26774 26783 26789 26825 26826
 26835 26849 26894 26895 26899 26988 26989 26991 26992 26994 26995 26999
 27001 27004 27005 27007 27009 27010 27012 27013 27015 27017 27019 27021
 27022 27026 27029 27031 27033 27035 27042 27045 27068 27069 27075 27077
 27090 27115 27148 27149 27150 27151 27152 27153 27154 27162 27163 27164
 27165 27166 27173 27174 27175 27176 27177 27178 27198 27230 27231 27232
 27250 27252 27259 27260 27261 27262 27263 27270 27273 27275 27276 27290]
neg pressure range: [-2.47e+06, -2.77e+03]

Summary of relevant parameters:
length scale: 1.00e+00
scalar scale: 1.00e+11
3d permeability: 1.00e-21
time step: 0.0667 hours
3d cells: 27291
pp condition number: 1.53e+08
umfpack condition number: inf

Estimates on term sizes, 3d grid:
diffusive term: 7.91e-08
mass term: 1.00e-13
source; max: 0.00e+00; number of non-zero sources: 0
cell volumes. max:9.26e+03, min:3.22e-03, mean:9.89e+02
